%YAML:1.0
---
descriptors: !!opencv-matrix
   rows: 141
   cols: 128
   dt: f
   data: [ 2., 3., 1., 2., 4., 1., 0., 1., 21., 17., 0., 0., 0., 0., 5.,
       26., 117., 155., 0., 0., 0., 2., 11., 19., 155., 155., 0., 0., 0.,
       0., 0., 0., 16., 4., 1., 2., 15., 3., 0., 3., 108., 8., 1., 2.,
       4., 5., 26., 115., 29., 38., 3., 11., 63., 39., 48., 45., 155.,
       155., 2., 3., 10., 1., 0., 0., 21., 3., 0., 1., 15., 16., 3., 3.,
       155., 77., 22., 12., 5., 2., 3., 18., 15., 26., 33., 90., 82., 6.,
       2., 5., 107., 145., 3., 15., 15., 0., 0., 0., 3., 1., 0., 0., 14.,
       17., 2., 1., 18., 40., 16., 2., 0., 1., 1., 2., 3., 13., 27., 29.,
       6., 1., 0., 0., 27., 41., 1., 7., 4., 0., 0., 0., 1., 86., 98.,
       0., 0., 0., 0., 0., 1., 80., 135., 1., 0., 0., 0., 0., 0., 38.,
       74., 11., 0., 0., 0., 0., 0., 2., 3., 1., 0., 0., 0., 0., 0., 68.,
       140., 11., 1., 0., 0., 0., 19., 89., 140., 80., 5., 0., 0., 0.,
       107., 140., 121., 6., 0., 0., 0., 1., 3., 9., 2., 0., 0., 0., 0.,
       0., 0., 5., 43., 39., 16., 0., 0., 0., 115., 16., 30., 124., 66.,
       0., 0., 13., 140., 35., 9., 5., 1., 0., 0., 32., 4., 1., 0., 0.,
       0., 0., 0., 0., 0., 5., 14., 28., 29., 0., 0., 0., 140., 1., 0.,
       38., 65., 0., 0., 30., 140., 0., 0., 0., 0., 0., 0., 41., 0., 0.,
       0., 0., 0., 0., 0., 0., 52., 5., 0., 0., 0., 0., 13., 23., 155.,
       0., 0., 0., 0., 0., 2., 64., 79., 0., 0., 0., 0., 0., 7., 84., 0.,
       0., 0., 0., 0., 0., 18., 51., 55., 91., 61., 0., 0., 0., 0., 2.,
       155., 80., 5., 0., 0., 0., 0., 30., 148., 6., 0., 0., 0., 0., 2.,
       79., 9., 5., 4., 0., 0., 0., 21., 38., 28., 57., 51., 0., 0., 0.,
       155., 85., 155., 73., 4., 0., 0., 0., 56., 155., 147., 30., 2.,
       0., 0., 0., 0., 24., 6., 28., 15., 0., 0., 0., 0., 2., 0., 0., 0.,
       0., 0., 0., 111., 29., 20., 0., 0., 0., 0., 0., 30., 71., 15., 5.,
       0., 0., 0., 0., 0., 6., 1., 5., 1., 0., 0., 0., 0., 0., 129., 0.,
       0., 0., 0., 0., 1., 82., 111., 0., 0., 0., 0., 4., 24., 88., 6.,
       0., 0., 0., 10., 50., 58., 17., 6., 3., 1., 1., 3., 12., 35., 9.,
       129., 2., 0., 0., 0., 0., 0., 63., 129., 21., 2., 4., 8., 17.,
       31., 129., 21., 5., 3., 26., 129., 108., 44., 42., 3., 7., 9.,
       14., 33., 7., 1., 1., 129., 9., 0., 0., 0., 1., 2., 70., 129.,
       129., 71., 23., 7., 4., 3., 18., 17., 41., 108., 129., 101., 10.,
       2., 4., 0., 4., 28., 40., 17., 0., 0., 0., 66., 1., 0., 0., 1.,
       3., 5., 56., 4., 28., 31., 3., 11., 17., 6., 4., 6., 20., 64.,
       19., 3., 3., 0., 1., 9., 4., 11., 5., 0., 1., 12., 11., 12., 4.,
       5., 3., 1., 11., 16., 17., 29., 2., 0., 0., 0., 12., 119., 95.,
       1., 0., 0., 0., 15., 100., 113., 14., 2., 2., 5., 4., 11., 35.,
       6., 1., 75., 18., 13., 15., 3., 2., 1., 8., 141., 35., 5., 7.,
       17., 33., 54., 122., 26., 7., 5., 31., 141., 141., 53., 29., 0.,
       0., 0., 3., 58., 56., 11., 0., 61., 7., 1., 3., 3., 10., 26., 24.,
       141., 141., 82., 32., 11., 2., 2., 20., 15., 36., 91., 141., 141.,
       9., 1., 2., 1., 3., 7., 27., 34., 9., 2., 1., 6., 5., 1., 4., 3.,
       1., 11., 7., 14., 46., 41., 9., 1., 1., 3., 8., 0., 7., 43., 51.,
       4., 12., 11., 2., 1., 10., 15., 6., 1., 6., 2., 0., 2., 2., 1.,
       1., 6., 111., 48., 2., 131., 15., 0., 0., 2., 19., 8., 27., 131.,
       128., 12., 0., 0., 0., 0., 21., 21., 82., 28., 0., 0., 0., 0., 1.,
       1., 0., 0., 27., 120., 109., 19., 1., 131., 23., 1., 7., 43., 27.,
       5., 35., 110., 131., 85., 0., 0., 0., 0., 4., 5., 131., 85., 0.,
       0., 0., 0., 0., 3., 0., 3., 57., 131., 29., 1., 0., 74., 41., 7.,
       8., 44., 2., 0., 6., 60., 59., 44., 1., 0., 0., 0., 14., 29., 29.,
       7., 0., 0., 0., 0., 5., 2., 0., 2., 73., 105., 3., 0., 1., 34.,
       9., 1., 7., 10., 0., 0., 33., 50., 9., 2., 0., 0., 0., 4., 117.,
       5., 0., 0., 0., 0., 0., 1., 9., 13., 0., 0., 0., 0., 0., 20., 53.,
       17., 0., 0., 0., 0., 3., 78., 101., 0., 0., 0., 0., 1., 30., 112.,
       19., 1., 0., 0., 0., 0., 8., 55., 7., 94., 3., 0., 0., 0., 0., 2.,
       55., 131., 25., 4., 4., 5., 24., 111., 131., 12., 5., 5., 24.,
       124., 131., 131., 34., 10., 0., 0., 3., 39., 36., 15., 16., 94.,
       23., 0., 0., 0., 0., 4., 17., 131., 131., 76., 22., 5., 4., 4.,
       23., 12., 40., 96., 131., 128., 30., 6., 6., 9., 1., 1., 30., 45.,
       8., 0., 5., 31., 4., 0., 0., 0., 0., 4., 10., 72., 48., 21., 3.,
       0., 0., 0., 6., 7., 11., 28., 28., 10., 6., 0., 2., 2., 1., 1.,
       7., 11., 7., 2., 0., 46., 8., 10., 28., 16., 0., 0., 14., 106.,
       11., 5., 0., 3., 29., 68., 114., 6., 19., 14., 4., 57., 98., 45.,
       13., 31., 68., 11., 2., 8., 2., 0., 1., 100., 5., 0., 4., 24.,
       14., 3., 24., 145., 28., 5., 6., 31., 27., 15., 65., 40., 8., 5.,
       25., 145., 124., 14., 14., 45., 29., 2., 1., 41., 15., 4., 22.,
       53., 19., 0., 0., 11., 34., 7., 8., 145., 145., 65., 27., 10., 1.,
       2., 10., 16., 32., 69., 126., 138., 13., 9., 20., 8., 0., 0., 3.,
       20., 8., 44., 91., 4., 2., 0., 0., 1., 32., 24., 5., 20., 36.,
       15., 1., 0., 2., 19., 35., 54., 10., 18., 9., 1., 0., 5., 62.,
       26., 0., 0., 0., 0., 2., 27., 75., 11., 0., 0., 5., 114., 21., 1.,
       4., 147., 2., 0., 0., 1., 1., 0., 52., 147., 27., 32., 6., 0., 0.,
       0., 16., 1., 14., 67., 6., 0., 0., 0., 0., 25., 0., 0., 41., 72.,
       5., 1., 3., 147., 20., 2., 0., 1., 0., 0., 34., 141., 37., 44.,
       11., 0., 0., 0., 7., 8., 28., 27., 5., 0., 0., 0., 0., 22., 1.,
       0., 7., 46., 71., 6., 4., 147., 106., 21., 0., 1., 1., 0., 14.,
       36., 122., 147., 1., 0., 0., 0., 4., 1., 71., 130., 1., 0., 0.,
       0., 0., 11., 0., 0., 1., 147., 59., 3., 11., 82., 12., 2., 0., 1.,
       1., 2., 62., 16., 21., 16., 2., 3., 1., 3., 32., 3., 30., 30., 3.,
       3., 1., 1., 1., 13., 5., 0., 0., 51., 11., 0., 0., 122., 109., 1.,
       0., 15., 5., 0., 0., 86., 69., 6., 11., 82., 24., 0., 0., 67.,
       29., 0., 3., 47., 21., 0., 2., 8., 8., 1., 3., 94., 16., 0., 0.,
       70., 117., 7., 8., 35., 4., 0., 1., 97., 122., 44., 31., 23., 1.,
       3., 65., 81., 7., 2., 10., 30., 23., 7., 105., 3., 10., 2., 4.,
       122., 19., 0., 0., 59., 23., 2., 6., 45., 8., 0., 4., 122., 106.,
       14., 1., 2., 1., 3., 95., 28., 23., 62., 26., 16., 6., 5., 79.,
       4., 6., 1., 1., 122., 24., 0., 0., 11., 16., 2., 3., 32., 9., 1.,
       1., 95., 122., 27., 2., 8., 5., 0., 7., 40., 50., 77., 17., 0.,
       0., 19., 53., 4., 0., 0., 126., 126., 0., 0., 2., 22., 1., 0.,
       25., 23., 0., 0., 11., 126., 1., 0., 10., 11., 0., 0., 98., 66.,
       0., 0., 39., 61., 0., 0., 32., 11., 3., 2., 98., 65., 0., 0., 1.,
       55., 10., 5., 44., 15., 0., 0., 16., 126., 62., 20., 25., 7., 0.,
       6., 60., 61., 9., 15., 58., 34., 0., 5., 50., 11., 2., 1., 33.,
       18., 0., 0., 1., 100., 5., 1., 24., 17., 0., 2., 110., 101., 25.,
       8., 3., 0., 0., 106., 126., 14., 3., 6., 17., 36., 4., 80., 101.,
       3., 1., 1., 11., 23., 4., 2., 4., 126., 48., 2., 9., 12., 1., 2.,
       49., 101., 115., 42., 1., 0., 1., 23., 49., 4., 18., 50., 57.,
       32., 2., 15., 11., 7., 1., 1., 122., 74., 0., 0., 2., 13., 2., 2.,
       30., 12., 0., 0., 8., 85., 10., 2., 13., 6., 0., 19., 122., 41.,
       19., 16., 12., 2., 0., 81., 78., 5., 0., 1., 40., 31., 3., 6.,
       12., 57., 8., 2., 30., 32., 2., 1., 16., 122., 84., 7., 3., 1.,
       0., 14., 122., 24., 57., 37., 14., 7., 1., 68., 50., 3., 1., 2.,
       15., 18., 8., 6., 4., 90., 5., 1., 17., 35., 3., 3., 91., 122.,
       58., 8., 0., 0., 8., 86., 122., 5., 56., 70., 16., 2., 31., 95.,
       7., 0., 0., 0., 7., 49., 45., 12., 1., 122., 46., 1., 9., 30., 3.,
       0., 27., 122., 122., 20., 0., 0., 3., 29., 49., 2., 44., 34., 0.,
       0., 22., 78., 5., 0., 0., 2., 115., 53., 3., 0., 0., 16., 0., 0.,
       28., 34., 4., 0., 8., 127., 9., 0., 1., 2., 0., 2., 81., 43., 21.,
       16., 12., 3., 2., 20., 33., 0., 0., 0., 21., 50., 41., 25., 1.,
