%YAML:1.0
---
keypoints:
   - [ 18.52900505065918, 606.4180908203125, 2.7430441379547119,
       207.8726806640625, 0.016927296295762062, 13894399, -1 ]
   - [ 20.457836151123047, 652.85205078125, 17.292276382446289,
       170.93637084960938, 0.049654096364974976, 13369602, -1 ]
   - [ 32.561935424804688, 681.13385009765625, 18.074390411376953,
       92.168746948242188, 0.01900954358279705, 16580866, -1 ]
   - [ 54.239955902099609, 524.46917724609375, 6.6754570007324219,
       357.09036254882812, 0.015099393203854561, 11404032, -1 ]
   - [ 74.647064208984375, 468.24758911132812, 3.5657544136047363,
       150.10939025878906, 0.018087638542056084, 16188415, -1 ]
   - [ 77.991790771484375, 604.5885009765625, 37.368785858154297,
       156.82411193847656, 0.01392823364585638, 2294275, -1 ]
   - [ 81.951042175292969, 510.45925903320312, 4.6043014526367188,
       91.565322875976562, 0.014846651814877987, 1245696, -1 ]
   - [ 82.926155090332031, 358.53475952148438, 2.6951141357421875,
       199.44169616699219, 0.016439523547887802, 12649215, -1 ]
   - [ 95.09210205078125, 582.10894775390625, 13.688806533813477,
       171.81124877929688, 0.015306857414543629, 13239041, -1 ]
   - [ 119.19541168212891, 425.026123046875, 26.377035140991211,
       16.250457763671875, 0.028099941089749336, 10552066, -1 ]
   - [ 119.19541168212891, 425.026123046875, 26.377035140991211,
       344.20907592773438, 0.028099941089749336, 10552066, -1 ]
   - [ 120.82631683349609, 497.753173828125, 26.817609786987305,
       340.1846923828125, 0.029295982792973518, 11731714, -1 ]
   - [ 126.32040405273438, 576.01422119140625, 36.543827056884766,
       340.33053588867188, 0.029292639344930649, 655875, -1 ]
   - [ 127.16104888916016, 532.71856689453125, 10.062227249145508,
       350.6561279296875, 0.018599940463900566, 7668225, -1 ]
   - [ 131.83029174804688, 550.32275390625, 8.0614051818847656,
       341.23797607421875, 0.017993079498410225, 8323329, -1 ]
   - [ 132.96669006347656, 551.33990478515625, 6.7118234634399414,
       340.32565307617188, 0.018147747963666916, 11797248, -1 ]
   - [ 144.59405517578125, 393.4581298828125, 24.661384582519531,
       355.08038330078125, 0.041247908025979996, 5636866, -1 ]
   - [ 146.51573181152344, 570.7552490234375, 14.05571460723877,
       298.70260620117188, 0.029910771176218987, 15139585, -1 ]
   - [ 149.93733215332031, 460.45965576171875, 33.437057495117188,
       15.853691101074219, 0.038726743310689926, 10944771, -1 ]
   - [ 149.93733215332031, 460.45965576171875, 33.437057495117188,
       343.04513549804688, 0.038726743310689926, 10944771, -1 ]
   - [ 157.45846557617188, 534.068115234375, 33.869895935058594,
       331.35055541992188, 0.038970358669757843, 11862275, -1 ]
   - [ 159.96383666992188, 278.14501953125, 8.9282693862915039,
       178.631591796875, 0.022916058078408241, 15728897, -1 ]
   - [ 160.32679748535156, 568.881103515625, 4.1199755668640137,
       189.97213745117188, 0.035222481936216354, 9896192, -1 ]
   - [ 160.32679748535156, 568.881103515625, 4.1199755668640137,
       359.4989013671875, 0.035222481936216354, 9896192, -1 ]
   - [ 168.05564880371094, 602.52056884765625, 28.343854904174805,
       277.86505126953125, 0.044832155108451843, 15729410, -1 ]
   - [ 173.93940734863281, 624.8175048828125, 5.5859251022338867,
       270.150390625, 0.017227604985237122, 15204864, -1 ]
   - [ 182.63319396972656, 205.64009094238281, 38.880016326904297,
       28.108978271484375, 0.041327629238367081, 5177859, -1 ]
   - [ 183.69389343261719, 692.4188232421875, 2.2523224353790283,
       134.68450927734375, 0.01366319227963686, 16384511, -1 ]
   - [ 189.28919982910156, 105.82994079589844, 51.016311645507812,
       221.65859985351562, 0.07620297372341156, 8127235, -1 ]
   - [ 189.83599853515625, 516.5374755859375, 16.779088973999023,
       87.4068603515625, 0.018121007829904556, 11206914, -1 ]
   - [ 199.37013244628906, 476.08917236328125, 15.525629043579102,
       194.63446044921875, 0.032346770167350769, 5636354, -1 ]
   - [ 199.37013244628906, 476.08917236328125, 15.525629043579102,
       260.7532958984375, 0.032346770167350769, 5636354, -1 ]
   - [ 201.43098449707031, 478.71212768554688, 12.931330680847168,
       194.09873962402344, 0.032719414681196213, 9110273, -1 ]
   - [ 201.43098449707031, 478.71212768554688, 12.931330680847168,
       262.2042236328125, 0.032719414681196213, 9110273, -1 ]
   - [ 203.30683898925781, 567.4287109375, 2.7427518367767334,
       201.33671569824219, 0.019427133724093437, 13894399, -1 ]
   - [ 203.89668273925781, 272.417724609375, 24.909435272216797,
       77.187591552734375, 0.039639126509428024, 6357762, -1 ]
   - [ 203.89668273925781, 272.417724609375, 24.909435272216797,
       243.93344116210938, 0.039639126509428024, 6357762, -1 ]
   - [ 211.56640625, 148.21064758300781, 24.986783981323242,
       36.418533325195312, 0.032492019236087799, 6619906, -1 ]
   - [ 214.39869689941406, 27.711669921875, 20.21125602722168,
       17.257728576660156, 0.070833228528499603, 7995906, -1 ]
   - [ 214.39869689941406, 27.711669921875, 20.21125602722168,
       214.70289611816406, 0.070833228528499603, 7995906, -1 ]
   - [ 214.86079406738281, 110.94124603271484, 20.38447380065918,
       42.121391296386719, 0.047815490514039993, 8585730, -1 ]
   - [ 214.86079406738281, 110.94124603271484, 20.38447380065918,
       342.88357543945312, 0.047815490514039993, 8585730, -1 ]
   - [ 218.39906311035156, 483.77655029296875, 15.871932983398438,
       10.662345886230469, 0.041073471307754517, 7209218, -1 ]
   - [ 219.01960754394531, 451.29495239257812, 2.6626241207122803,
       189.80973815917969, 0.024164518341422081, 11797247, -1 ]
   - [ 219.01960754394531, 451.29495239257812, 2.6626241207122803,
       257.90548706054688, 0.024164518341422081, 11797247, -1 ]
   - [ 222.77812194824219, 530.8955078125, 36.910873413085938,
       71.149063110351562, 0.028743598610162735, 1376771, -1 ]
   - [ 225.75640869140625, 296.20126342773438, 16.170923233032227,
       246.61251831054688, 0.042556039988994598, 8585474, -1 ]
   - [ 227.34326171875, 80.3626708984375, 22.456787109375,
       348.41775512695312, 0.037146139889955521, 15598082, -1 ]
   - [ 228.42781066894531, 77.823997497558594, 24.205106735229492,
       350.28317260742188, 0.037267547100782394, 4326146, -1 ]
   - [ 229.34158325195312, 293.27157592773438, 16.009344100952148,
       254.06488037109375, 0.042831055819988251, 7799042, -1 ]
   - [ 236.90147399902344, 665.5374755859375, 55.545265197753906,
       13.879051208496094, 0.043506976217031479, 14222083, -1 ]
   - [ 236.90147399902344, 665.5374755859375, 55.545265197753906,
       288.14895629882812, 0.043506976217031479, 14222083, -1 ]
   - [ 237.7706298828125, 308.86672973632812, 13.210723876953125,
       10.765762329101562, 0.028052413836121559, 10617601, -1 ]
   - [ 237.7706298828125, 308.86672973632812, 13.210723876953125,
       77.375320434570312, 0.028052413836121559, 10617601, -1 ]
   - [ 237.78309631347656, 17.900714874267578, 10.676362037658691,
       328.62118530273438, 0.014721032232046127, 11928065, -1 ]
   - [ 239.98715209960938, 310.66180419921875, 15.380838394165039,
       7.4037551879882812, 0.027673980221152306, 4915458, -1 ]
   - [ 249.02091979980469, 552.610595703125, 13.049875259399414,
       189.03678894042969, 0.032652691006660461, 9765633, -1 ]
   - [ 249.02091979980469, 552.610595703125, 13.049875259399414,
       258.3765869140625, 0.032652691006660461, 9765633, -1 ]
   - [ 259.533447265625, 503.273681640625, 2.8717243671417236,
       178.65104675292969, 0.01350883673876524, 525311, -1 ]
   - [ 262.67474365234375, 563.8092041015625, 17.46148681640625,
       12.989349365234375, 0.040976550430059433, 14090498, -1 ]
   - [ 264.29644775390625, 528.676513671875, 2.4116640090942383,
       179.14140319824219, 0.01777181401848793, 4588287, -1 ]
   - [ 266.59024047851562, 541.80419921875, 13.365211486816406,
